0
00
000
0000
00000
000000
0000000
00000000
000000000
0000000000
1
11
111
1111
11111
111111
1111111
11111111
111111111
1111111111
2
22
222
2222
22222
222222
2222222
22222222
3
33
333
3333
33333
333333
4
44
444
4444
44444
444444
5
55
555
5555
55555
555555
6
66
666
6666
66666
666666
7
77
777
7777
77777
777777
8
88
888
8888
88888
888888
8888888
88888888
9
99
999
9999
99999
999999
123
1234
12345
123456
1234567
12345678
123456789
1234567890
12345678901
123456789012
321
4321
54321
654321
7654321
87654321
987654321
0987654321
012345
0123456
01234567
012345678
0123456789
123123
123123123
321321
321321321
456456
456456456
789789
789789789
112233
223344
334455
445566
556677
667788
778899
889900
121212
131313
141414
151515
161616
171717
181818
191919
202020
212121
232323
242424
252525
262626
272727
282828
292929
303030
313131
123321
123454321
12344321
1234554321
147258
147258369
258369
258147
369258147
159357
159753
357159
753159
951753
951357
369147
741852
741852963
852963
963852741
123789
789123
456123
123456789
987654321
135792468
246813579
1122334455
5544332211
1234512345
0101
0202
0303
0404
0505
0606
0707
0808
0909
1010
1212
1515
2020
2021
2022
2023
2024
2025
2026
2030
1990
1991
1992
1993
1994
1995
1996
1997
1998
1999
2000
2001
2002
2003
2004
2005
2006
2007
2008
2009
2010
0101
0102
0103
0104
0105
0106
0107
0108
0109
0110
0111
0112
1501
0115
2501
0125
1001
0110
1201
0112
2901
2902
1234567890123456
1111222233334444
1212121212121212
