0901234567
0912345678
0923456789
0934567890
0945678901
0956789012
0967890123
0978901234
0989012345
0909123456
0919234567
0929345678
0939456789
0949567890
0959678901
0969789012
0979890123
0989901234
0999012345
0361234567
0371234567
0381234567
0391234567
0321234567
0331234567
0341234567
0351234567
0561234567
0581234567
0591234567
0701234567
0761234567
0771234567
0781234567
0791234567
0831234567
0841234567
0851234567
0861234567
0871234567
0881234567
0891234567
01234567890
09012345678
09123456789
84901234567
84912345678
0123456789
1234567890
0987654321
9876543210
0909090909
0912121212
0909111111
0909222222
0909333333
0909444444
0909555555
0909666666
0909777777
0909888888
0909999999
0901111111
0902222222
0903333333
0904444444
0905555555
0906666666
0907777777
0908888888
0900000000
0123456
1234567
12345678
123456789
0909
0912
0918
0988
0982
0983
0984
0985
0986
0987
0981
0971
0972
0973
0974
0975
0976
0977
0978
0979
0961
0962
0963
0964
0965
0966
0967
0968
0969
